columns =  ['b', 'h', 'S', 'fy', 'As', 'fc', 'Ec', 'ftu', 'V', 'Life']
data = [
     [120.0, 200.0, 107.6, 585.0, 226.0, 57.4, 41.6, 3.12, 1.0, 869751.0] ,
     [120.0, 200.0, 117.4, 585.0, 226.0, 65.1, 42.4, 3.12, 1.0, 799389.0] ,
     [120.0, 200.0, 136.9, 585.0, 226.0, 65.3, 39.4, 3.12, 1.0, 407724.0] ,
     [120.0, 200.0, 107.4, 585.0, 226.0, 54.8, 37.1, 0.0, 0.0, 387415.0] ,
     [120.0, 200.0, 111.0, 585.0, 226.0, 61.0, 40.8, 1.56, 0.5, 533466.0] ,
     [120.0, 200.0, 122.3, 585.0, 226.0, 55.6, 43.2, 4.67, 1.5, 625300.0] ,
     [100.0, 200.0, 78.0, 500.0, 226.0, 52.0, 33.2, 0.0, 0.0, 211000.0] ,
     [100.0, 200.0, 78.0, 500.0, 226.0, 52.0, 33.2, 0.0, 0.0, 247000.0] ,
     [100.0, 200.0, 78.0, 500.0, 226.0, 55.0, 32.5, 1.41, 0.4, 266154.0] ,
     [100.0, 200.0, 78.0, 500.0, 226.0, 55.0, 32.5, 1.41, 0.4, 369166.0] ,
     [100.0, 200.0, 78.0, 500.0, 226.0, 61.0, 33.6, 2.81, 0.8, 311328.0] ,
     [100.0, 200.0, 78.0, 500.0, 226.0, 61.0, 33.6, 2.81, 0.8, 328884.0] ,
     [180.0, 300.0, 74.0, 500.0, 452.0, 40.0, 34.6, 0.0, 0.0, 351530.0] ,
     [180.0, 300.0, 74.0, 500.0, 452.0, 40.0, 34.6, 0.0, 0.0, 408118.0] ,
     [180.0, 300.0, 74.0, 500.0, 452.0, 36.0, 29.0, 1.53, 0.4, 522441.0] ,
     [180.0, 300.0, 74.0, 500.0, 452.0, 36.0, 29.0, 1.53, 0.4, 593959.0] ,
     [180.0, 300.0, 74.0, 500.0, 452.0, 38.0, 27.5, 3.06, 0.8, 1053314.0] ,
     [180.0, 300.0, 74.0, 500.0, 452.0, 38.0, 27.5, 3.06, 0.8, 1092535.0] ,
     [150.0, 300.0, 57.0, 460.0, 628.0, 48.3, 38.7, 3.4, 1.0, 1262000.0] ,
     [150.0, 300.0, 79.0, 460.0, 628.0, 60.1, 39.3, 3.4, 1.0, 100000.0] ,
     [150.0, 300.0, 68.0, 460.0, 628.0, 59.5, 41.3, 3.4, 1.0, 423000.0] ,
     [150.0, 300.0, 48.9, 460.0, 628.0, 60.1, 42.6, 0.0, 0.0, 541000.0] ,
     [150.0, 300.0, 55.3, 460.0, 628.0, 54.9, 42.2, 1.7, 0.5, 903000.0] ,
     [150.0, 300.0, 57.0, 460.0, 628.0, 62.2, 43.3, 5.1, 1.5, 1352000.0] ,
     [150.0, 300.0, 55.1, 460.0, 628.0, 61.4, 42.2, 1.83, 1.0, 707000.0] ,
     [150.0, 300.0, 55.8, 460.0, 628.0, 62.8, 44.5, 2.09, 1.0, 675000.0] ,
     [150.0, 300.0, 55.3, 460.0, 628.0, 52.9, 39.8, 3.4, 1.0, 513000.0] ,
     [150.0, 300.0, 57.1, 460.0, 628.0, 66.3, 44.9, 3.4, 1.0, 827000.0] ,
     [150.0, 300.0, 53.2, 460.0, 628.0, 51.8, 39.7, 3.4, 1.0, 679000.0] ,
     [150.0, 300.0, 53.2, 460.0, 628.0, 51.8, 39.7, 3.4, 1.0, 912000.0] ,
     [150.0, 300.0, 48.0, 370.0, 628.0, 62.4, 40.2, 5.83, 1.0, 472000.0] ,
     [150.0, 250.0, 123.0, 370.0, 402.0, 48.3, 34.3, 0.0, 0.0, 561774.0] ,
     [150.0, 250.0, 131.0, 370.0, 402.0, 48.3, 34.3, 0.0, 0.0, 344812.0] ,
     [150.0, 250.0, 140.0, 370.0, 402.0, 48.3, 34.3, 0.0, 0.0, 230644.0] ,
     [150.0, 250.0, 134.0, 370.0, 402.0, 49.5, 34.5, 1.3, 0.5, 406478.0] ,
     [150.0, 250.0, 143.0, 370.0, 402.0, 49.5, 34.5, 1.3, 0.5, 212357.0] ,
     [150.0, 250.0, 152.0, 370.0, 402.0, 49.5, 34.5, 1.3, 0.5, 137693.0] ,
     [150.0, 250.0, 143.0, 370.0, 402.0, 52.4, 34.9, 2.6, 1.0, 494071.0] ,
     [150.0, 250.0, 153.0, 370.0, 402.0, 52.4, 34.9, 2.6, 1.0, 263272.0] ,
     [150.0, 250.0, 162.0, 370.0, 402.0, 52.4, 34.9, 2.6, 1.0, 151249.0] ,
]
