b,h,S,fy,As,fc,Ec,ftu,V,Life
120,200,107.6,585,226,57.4,41.6,3.12,1,869751
120,200,117.4,585,226,65.1,42.4,3.12,1,799389
120,200,136.9,585,226,65.3,39.4,3.12,1,407724
120,200,107.4,585,226,54.8,37.1,0,0,387415
120,200,111,585,226,61,40.8,1.56,0.5,533466
120,200,122.3,585,226,55.6,43.2,4.67,1.5,625300
100,200,78,500,226,52,33.2,0,0,211000
100,200,78,500,226,52,33.2,0,0,247000
100,200,78,500,226,55,32.5,1.41,0.4,266154
100,200,78,500,226,55,32.5,1.41,0.4,369166
100,200,78,500,226,61,33.6,2.81,0.8,311328
100,200,78,500,226,61,33.6,2.81,0.8,328884
180,300,74,500,452,40,34.6,0,0,351530
180,300,74,500,452,40,34.6,0,0,408118
180,300,74,500,452,36,29,1.53,0.4,522441
180,300,74,500,452,36,29,1.53,0.4,593959
180,300,74,500,452,38,27.5,3.06,0.8,1053314
180,300,74,500,452,38,27.5,3.06,0.8,1092535
150,300,57,460,628,48.3,38.7,3.4,1,1262000
150,300,79,460,628,60.1,39.3,3.4,1,100000
150,300,68,460,628,59.5,41.3,3.4,1,423000
150,300,48.9,460,628,60.1,42.6,0,0,541000
150,300,55.3,460,628,54.9,42.2,1.7,0.5,903000
150,300,57,460,628,62.2,43.3,5.1,1.5,1352000
150,300,55.1,460,628,61.4,42.2,1.83,1,707000
150,300,55.8,460,628,62.8,44.5,2.09,1,675000
150,300,55.3,460,628,52.9,39.8,3.4,1,513000
150,300,57.1,460,628,66.3,44.9,3.4,1,827000
150,300,53.2,460,628,51.8,39.7,3.4,1,679000
150,300,53.2,460,628,51.8,39.7,3.4,1,912000
150,300,48,370,628,62.4,40.2,5.83,1,472000
150,250,123,370,402,48.3,34.3,0,0,561774
150,250,131,370,402,48.3,34.3,0,0,344812
150,250,140,370,402,48.3,34.3,0,0,230644
150,250,134,370,402,49.5,34.5,1.3,0.5,406478
150,250,143,370,402,49.5,34.5,1.3,0.5,212357
150,250,152,370,402,49.5,34.5,1.3,0.5,137693
150,250,143,370,402,52.4,34.9,2.6,1,494071
150,250,153,370,402,52.4,34.9,2.6,1,263272
150,250,162,370,402,52.4,34.9,2.6,1,151249
